6.3662e-01
3.8982e-17
2.1221e-01
3.8982e-17
1.2732e-01
3.8982e-17
9.0946e-02
3.8982e-17
7.0736e-02
3.8982e-17
5.7875e-02
3.8982e-17
4.8971e-02
3.8982e-17
4.2441e-02
3.8982e-17
3.7448e-02
3.8982e-17
3.3506e-02
3.8982e-17
3.0315e-02
1.4179e-16
2.7679e-02
3.8982e-17
2.5465e-02
4.8008e-17
2.3579e-02
3.8982e-17
2.1952e-02
1.1437e-16
2.0536e-02
3.8982e-17
1.9292e-02
2.7540e-17
1.8189e-02
3.8982e-17
1.7206e-02
9.8501e-17
1.6324e-02
3.8982e-17
1.5527e-02
1.4869e-17
1.4805e-02
1.4179e-16
1.4147e-02
8.8150e-17
1.3545e-02
3.8982e-17
1.2992e-02
6.2528e-18
1.2483e-02
4.8008e-17
1.2012e-02
8.0866e-17
1.1575e-02
3.8982e-17
1.1169e-02
1.3588e-20
1.0790e-02
1.1437e-16
1.0436e-02
7.5461e-17
1.0105e-02
3.8982e-17
9.7942e-03
4.7131e-18
9.5018e-03
2.7540e-17
9.2264e-03
7.1292e-17
8.9665e-03
3.8982e-17
8.7208e-03
8.4178e-18
8.4883e-03
9.8501e-17
8.2678e-03
6.7978e-17
8.0585e-03
3.8982e-17
7.8595e-03
1.2173e-16
7.6701e-03
1.4869e-17
7.4896e-03
6.5281e-17
7.3175e-03
1.4179e-16
7.1530e-03
1.3851e-17
6.9958e-03
8.8150e-17
6.8454e-03
3.3201e-17
6.7013e-03
3.8982e-17
6.5631e-03
1.0822e-16
6.4305e-03
6.2528e-18
