2.3590e-01
1.4444e-17
7.8632e-02
1.4444e-17
4.7179e-02
1.4444e-17
3.3699e-02
1.4444e-17
2.6211e-02
1.4444e-17
2.1445e-02
1.4444e-17
1.8146e-02
1.4444e-17
1.5726e-02
1.4444e-17
1.3876e-02
1.4444e-17
1.2416e-02
1.4444e-17
1.1233e-02
5.2538e-17
1.0256e-02
1.4444e-17
9.4358e-03
1.7789e-17
8.7369e-03
1.4444e-17
8.1343e-03
4.2380e-17
7.6095e-03
1.4444e-17
7.1483e-03
1.0205e-17
6.7399e-03
1.4444e-17
6.3756e-03
3.6499e-17
6.0486e-03
1.4444e-17
5.7535e-03
5.5096e-18
5.4859e-03
5.2538e-17
5.2421e-03
3.2663e-17
5.0191e-03
1.4444e-17
4.8142e-03
2.3169e-18
4.6254e-03
1.7789e-17
4.4509e-03
2.9964e-17
4.2890e-03
1.4444e-17
4.1385e-03
5.0350e-21
3.9982e-03
4.2380e-17
3.8671e-03
2.7962e-17
3.7444e-03
1.4444e-17
3.6292e-03
1.7464e-18
3.5208e-03
1.0205e-17
3.4188e-03
2.6417e-17
3.3225e-03
1.4444e-17
3.2314e-03
3.1192e-18
3.1453e-03
3.6499e-17
3.0636e-03
2.5189e-17
2.9860e-03
1.4444e-17
2.9123e-03
4.5105e-17
2.8421e-03
5.5096e-18
2.7752e-03
2.4189e-17
2.7114e-03
5.2538e-17
2.6505e-03
5.1326e-18
2.5923e-03
3.2663e-17
2.5365e-03
1.2302e-17
2.4831e-03
1.4444e-17
2.4319e-03
4.0100e-17
2.3828e-03
2.3169e-18
