1.7284e-01
1.0583e-17
5.7614e-02
1.0583e-17
3.4568e-02
1.0583e-17
2.4692e-02
1.0583e-17
1.9205e-02
1.0583e-17
1.5713e-02
1.0583e-17
1.3296e-02
1.0583e-17
1.1523e-02
1.0583e-17
1.0167e-02
1.0583e-17
9.0969e-03
1.0583e-17
8.2306e-03
3.8495e-17
7.5149e-03
1.0583e-17
6.9137e-03
1.3034e-17
6.4015e-03
1.0583e-17
5.9601e-03
3.1052e-17
5.5755e-03
1.0583e-17
5.2376e-03
7.4770e-18
4.9383e-03
1.0583e-17
4.6714e-03
2.6743e-17
4.4318e-03
1.0583e-17
4.2156e-03
4.0369e-18
4.0196e-03
3.8495e-17
3.8409e-03
2.3933e-17
3.6775e-03
1.0583e-17
3.5274e-03
1.6976e-18
3.3891e-03
1.3034e-17
3.2612e-03
2.1955e-17
3.1426e-03
1.0583e-17
3.0323e-03
3.6892e-21
2.9295e-03
3.1052e-17
2.8335e-03
2.0488e-17
2.7435e-03
1.0583e-17
2.6591e-03
1.2796e-18
2.5797e-03
7.4770e-18
2.5050e-03
1.9356e-17
2.4344e-03
1.0583e-17
2.3677e-03
2.2854e-18
2.3046e-03
2.6743e-17
2.2447e-03
1.8456e-17
2.1879e-03
1.0583e-17
2.1338e-03
3.3049e-17
2.0824e-03
4.0369e-18
2.0334e-03
1.7724e-17
1.9867e-03
3.8495e-17
1.9420e-03
3.7606e-18
1.8994e-03
2.3933e-17
1.8585e-03
9.0141e-18
1.8194e-03
1.0583e-17
1.7819e-03
2.9381e-17
1.7459e-03
1.6976e-18
