7.9682e-02
4.8791e-18
2.6561e-02
4.8791e-18
1.5936e-02
4.8791e-18
1.1383e-02
4.8791e-18
8.8536e-03
4.8791e-18
7.2438e-03
4.8791e-18
6.1294e-03
4.8791e-18
5.3121e-03
4.8791e-18
4.6872e-03
4.8791e-18
4.1938e-03
4.8791e-18
3.7944e-03
1.7747e-17
3.4644e-03
4.8791e-18
3.1873e-03
6.0089e-18
2.9512e-03
4.8791e-18
2.7477e-03
1.4315e-17
2.5704e-03
4.8791e-18
2.4146e-03
3.4470e-18
2.2766e-03
4.8791e-18
2.1536e-03
1.2329e-17
2.0431e-03
4.8791e-18
1.9435e-03
1.8611e-18
1.8531e-03
1.7747e-17
1.7707e-03
1.1033e-17
1.6954e-03
4.8791e-18
1.6262e-03
7.8263e-19
1.5624e-03
6.0089e-18
1.5034e-03
1.0122e-17
1.4488e-03
4.8791e-18
1.3979e-03
1.7007e-21
1.3505e-03
1.4315e-17
1.3063e-03
9.4451e-18
1.2648e-03
4.8791e-18
1.2259e-03
5.8991e-19
1.1893e-03
3.4470e-18
1.1548e-03
8.9232e-18
1.1223e-03
4.8791e-18
1.0915e-03
1.0536e-18
1.0624e-03
1.2329e-17
1.0348e-03
8.5085e-18
1.0086e-03
4.8791e-18
9.8373e-04
1.5236e-17
9.6003e-04
1.8611e-18
9.3744e-04
8.1709e-18
9.1589e-04
1.7747e-17
8.9531e-04
1.7337e-18
8.7563e-04
1.1033e-17
8.5680e-04
4.1556e-18
8.3876e-04
4.8791e-18
8.2147e-04
1.3545e-17
8.0487e-04
7.8263e-19
