1.57080
3.14159
1.57080
3.14159
1.57080
3.14159
1.57080
3.14159
1.57080
3.14159
1.57080
3.14159
1.57080
3.14159
1.57080
3.14159
1.57080
3.14159
1.57080
3.14159
1.57080
3.14159
1.57080
3.14159
1.57080
0.00000
1.57080
3.14159
1.57080
3.14159
1.57080
3.14159
1.57080
0.00000
1.57080
3.14159
1.57080
3.14159
1.57080
3.14159
1.57080
0.00000
1.57080
3.14159
1.57080
3.14159
1.57080
3.14159
1.57080
0.00000
1.57080
0.00000
1.57080
3.14159
1.57080
3.14159
1.57080
0.00000
1.57080
3.14159
1.57080
3.14159
1.57080
3.14159
1.57080
3.14159
1.57080
0.00000
1.57080
3.14159
1.57080
3.14159
1.57080
3.14159
1.57080
3.14159
1.57080
3.14159
1.57080
3.14159
1.57080
3.14159
1.57080
0.00000
1.57080
3.14159
1.57080
3.14159
1.57080
3.14159
1.57080
3.14159
1.57080
0.00000
1.57080
3.14159
1.57080
3.14159
1.57080
0.00000
