3.1819e-13
1.5708e+00
3.1797e-13
1.5708e+00
3.1797e-13
1.5708e+00
3.1775e-13
1.5708e+00
3.1775e-13
1.5708e+00
3.1575e-13
1.5708e+00
3.1930e-13
1.5708e+00
3.1553e-13
1.5708e+00
3.1908e-13
1.5708e+00
3.1530e-13
1.5708e+00
3.1863e-13
1.5708e+00
3.1508e-13
1.5708e+00
3.1841e-13
-1.5708e+00
3.1486e-13
1.5708e+00
3.1819e-13
1.5708e+00
3.1464e-13
1.5708e+00
3.1797e-13
-1.5708e+00
3.1442e-13
1.5708e+00
3.1775e-13
1.5708e+00
3.1419e-13
1.5708e+00
3.1042e-13
-1.5708e+00
3.1375e-13
1.5708e+00
3.1730e-13
1.5708e+00
3.2063e-13
1.5708e+00
3.0997e-13
-1.5708e+00
3.1330e-13
-1.5708e+00
3.1686e-13
1.5708e+00
3.2019e-13
1.5708e+00
3.0953e-13
-1.5708e+00
3.1286e-13
1.5708e+00
3.1619e-13
1.5708e+00
3.1974e-13
1.5708e+00
3.0886e-13
1.5708e+00
3.1242e-13
-1.5708e+00
3.1575e-13
1.5708e+00
3.1930e-13
1.5708e+00
3.0842e-13
1.5708e+00
3.1197e-13
1.5708e+00
3.1530e-13
1.5708e+00
3.1863e-13
1.5708e+00
3.0798e-13
1.5708e+00
3.2552e-13
-1.5708e+00
3.1486e-13
1.5708e+00
3.0398e-13
1.5708e+00
3.2174e-13
1.5708e+00
3.1086e-13
1.5708e+00
3.0020e-13
-1.5708e+00
3.1775e-13
1.5708e+00
3.0709e-13
1.5708e+00
3.2463e-13
-1.5708e+00
