1.5898e-13
1.5708e+00
1.5876e-13
1.5708e+00
1.5876e-13
1.5708e+00
1.5854e-13
1.5708e+00
1.5854e-13
1.5708e+00
1.5654e-13
1.5708e+00
1.6009e-13
1.5708e+00
1.5632e-13
1.5708e+00
1.5987e-13
1.5708e+00
1.5610e-13
1.5708e+00
1.5943e-13
1.5708e+00
1.5588e-13
1.5708e+00
1.5921e-13
-1.5708e+00
1.5565e-13
1.5708e+00
1.5898e-13
1.5708e+00
1.5543e-13
1.5708e+00
1.5876e-13
-1.5708e+00
1.5521e-13
1.5708e+00
1.5854e-13
1.5708e+00
1.5499e-13
1.5708e+00
1.5121e-13
-1.5708e+00
1.5454e-13
1.5708e+00
1.5810e-13
1.5708e+00
1.6143e-13
1.5708e+00
1.5077e-13
-1.5708e+00
1.5410e-13
-1.5708e+00
1.5765e-13
1.5708e+00
1.6098e-13
1.5708e+00
1.5032e-13
-1.5708e+00
1.5365e-13
1.5708e+00
1.5699e-13
1.5708e+00
1.6054e-13
1.5708e+00
1.4966e-13
1.5708e+00
1.5321e-13
-1.5708e+00
1.5654e-13
1.5708e+00
1.6009e-13
1.5708e+00
1.4921e-13
1.5708e+00
1.5277e-13
1.5708e+00
1.5610e-13
1.5708e+00
1.5943e-13
1.5708e+00
1.4877e-13
1.5708e+00
1.6631e-13
-1.5708e+00
1.5565e-13
1.5708e+00
1.4477e-13
1.5708e+00
1.6254e-13
1.5708e+00
1.5166e-13
1.5708e+00
1.4100e-13
-1.5708e+00
1.5854e-13
1.5708e+00
1.4788e-13
1.5708e+00
1.6542e-13
-1.5708e+00
