3.1752e-14
1.5708e+00
3.1530e-14
1.5708e+00
3.1530e-14
1.5708e+00
3.1308e-14
1.5708e+00
3.1308e-14
1.5708e+00
2.9310e-14
1.5708e+00
3.2863e-14
1.5708e+00
2.9088e-14
1.5708e+00
3.2641e-14
1.5708e+00
2.8866e-14
1.5708e+00
3.2196e-14
1.5708e+00
2.8644e-14
1.5708e+00
3.1974e-14
-1.5708e+00
2.8422e-14
1.5708e+00
3.1752e-14
1.5708e+00
2.8200e-14
1.5708e+00
3.1530e-14
-1.5708e+00
2.7978e-14
1.5708e+00
3.1308e-14
1.5708e+00
2.7756e-14
1.5708e+00
2.3981e-14
-1.5708e+00
2.7311e-14
1.5708e+00
3.0864e-14
1.5708e+00
3.4195e-14
1.5708e+00
2.3537e-14
-1.5708e+00
2.6867e-14
-1.5708e+00
3.0420e-14
1.5708e+00
3.3751e-14
1.5708e+00
2.3093e-14
-1.5708e+00
2.6423e-14
1.5708e+00
2.9754e-14
1.5708e+00
3.3307e-14
1.5708e+00
2.2427e-14
1.5708e+00
2.5979e-14
-1.5708e+00
2.9310e-14
1.5708e+00
3.2863e-14
1.5708e+00
2.1982e-14
1.5708e+00
2.5535e-14
1.5708e+00
2.8866e-14
1.5708e+00
3.2196e-14
1.5708e+00
2.1538e-14
1.5708e+00
3.9080e-14
-1.5708e+00
2.8422e-14
1.5708e+00
1.7542e-14
1.5708e+00
3.5305e-14
1.5708e+00
2.4425e-14
1.5708e+00
1.3767e-14
-1.5708e+00
3.1308e-14
1.5708e+00
2.0650e-14
1.5708e+00
3.8192e-14
-1.5708e+00
